1: 15 18 34 51 59 60 84 98 
2: 20 22 25 26 52 53 58 62 70 
3: 14 16 19 25 27 35 39 47 50 63 92 95 
4: 9 11 37 40 43 47 60 65 68 70 75 88 89 93 
5: 12 15 30 36 77 97 
6: 16 21 23 30 35 40 55 58 81 85 
7: 41 42 49 89 
8: 23 26 30 37 61 84 86 93 
9: 4 36 64 73 76 91 99 
10: 49 56 61 62 100 
11: 4 26 31 51 60 72 92 100 
12: 5 40 55 62 66 77 97 
13: 23 27 30 33 40 58 77 82 89 
14: 3 16 32 49 59 70 73 74 79 90 97 
15: 1 5 32 34 38 66 72 99 
16: 3 6 14 20 29 36 48 49 95 100 
17: 23 24 29 31 48 90 
18: 1 21 56 80 88 93 
19: 3 27 47 55 63 65 66 90 91 
20: 2 16 35 37 58 73 76 79 87 97 98 
21: 6 18 36 41 45 49 67 78 82 90 
22: 2 33 44 60 62 63 65 66 76 90 
23: 6 8 13 17 41 42 61 66 73 76 93 94 
24: 17 28 45 47 71 72 85 93 
25: 2 3 34 40 42 49 54 56 61 69 73 77 82 85 90 97 
26: 2 8 11 30 33 45 57 64 65 72 87 91 92 97 
27: 3 13 19 30 31 48 68 70 85 92 
28: 24 42 61 91 
29: 16 17 44 49 67 69 72 79 81 83 90 93 
30: 5 6 8 13 26 27 42 63 100 
31: 11 17 27 71 73 78 86 88 97 99 
32: 14 15 64 65 67 68 85 87 90 99 
33: 13 22 26 42 
34: 1 15 25 40 41 50 56 59 60 68 73 74 80 90 92 93 100 
35: 3 6 20 40 41 62 
36: 5 9 16 21 53 59 63 73 78 82 85 95 100 
37: 4 8 20 43 48 53 57 62 96 97 
38: 15 43 55 92 93 
39: 3 48 53 58 61 70 71 
40: 4 6 12 13 25 34 35 57 73 78 86 
41: 7 21 23 34 35 62 69 
42: 7 23 25 28 30 33 45 52 69 
43: 4 37 38 47 63 68 71 79 81 94 
44: 22 29 49 50 51 78 87 93 
45: 21 24 26 42 66 67 68 85 86 
46: 51 56 57 74 85 92 
47: 3 4 19 24 43 57 60 61 66 70 
48: 16 17 27 37 39 50 62 67 70 73 85 
49: 7 10 14 16 21 25 29 44 60 76 77 83 100 
50: 3 34 44 48 52 59 75 78 79 83 94 
51: 1 11 44 46 55 65 67 72 82 94 96 
52: 2 42 50 56 64 66 72 79 82 90 
53: 2 36 37 39 58 61 78 
54: 25 58 75 86 91 
55: 6 12 19 38 51 62 75 76 87 93 98 
56: 10 18 25 34 46 52 83 90 
57: 26 37 40 46 47 61 71 74 86 95 
58: 2 6 13 20 39 53 54 69 74 75 76 80 97 
59: 1 14 34 36 50 61 64 87 92 99 
60: 1 4 11 22 34 47 49 66 77 85 
61: 8 10 23 25 28 39 47 53 57 59 67 71 78 90 99 
62: 2 10 12 22 35 37 41 48 55 72 97 
63: 3 19 22 30 36 43 64 65 68 70 75 81 86 89 
64: 9 26 32 52 59 63 68 71 72 73 83 87 89 
65: 4 19 22 26 32 51 63 74 91 99 
66: 12 15 19 22 23 45 47 52 60 71 84 85 86 100 
67: 21 29 32 45 48 51 61 71 72 91 95 
68: 4 27 32 34 43 45 63 64 74 76 85 87 91 95 
69: 25 29 41 42 58 70 78 88 94 97 
70: 2 4 14 27 39 47 48 63 69 74 
71: 24 31 39 43 57 61 64 66 67 85 87 92 96 
72: 11 15 24 26 29 51 52 62 64 67 79 82 85 92 95 
73: 9 14 20 23 25 31 34 36 40 48 64 96 100 
74: 14 34 46 57 58 65 68 70 86 88 91 96 
75: 4 50 54 55 58 63 79 88 95 99 100 
76: 9 20 22 23 49 55 58 68 83 85 91 95 
77: 5 12 13 25 49 60 81 93 100 
78: 21 31 36 40 44 50 53 61 69 81 82 92 100 
79: 14 20 29 43 50 52 72 75 91 92 
80: 18 34 58 86 87 89 
81: 6 29 43 63 77 78 86 99 
82: 13 21 25 36 51 52 72 78 89 
83: 29 49 50 56 64 76 89 
84: 1 8 66 96 97 98 
85: 6 24 25 27 32 36 45 46 48 60 66 68 71 72 76 86 88 96 100 
86: 8 31 40 45 54 57 63 66 74 80 81 85 97 99 
87: 20 26 32 44 55 59 64 68 71 80 96 
88: 4 18 31 69 74 75 85 
89: 4 7 13 63 64 80 82 83 94 95 98 
90: 14 17 19 21 22 25 29 32 34 52 56 61 97 98 
91: 9 19 26 28 54 65 67 68 74 76 79 
92: 3 11 26 27 34 38 46 59 71 72 78 79 
93: 4 8 18 23 24 29 34 38 44 55 77 
94: 23 43 50 51 69 89 
95: 3 16 36 57 67 68 72 75 76 89 98 
96: 37 51 71 73 74 84 85 87 
97: 5 12 14 20 25 26 31 37 58 62 69 84 86 90 
98: 1 20 55 84 89 90 95 
99: 9 15 31 32 59 61 65 75 81 86 
100: 10 11 16 30 34 36 49 66 73 75 77 78 85 
