1: 31 34 82 
2: 11 26 60 
3: 4 39 53 84 86 88 96 
4: 3 8 37 44 57 69 
5: 44 66 77 85 
6: 8 87 
7: 23 35 77 
8: 4 6 21 26 45 61 90 
9: 18 48 63 66 
10: 34 55 99 
11: 2 18 30 98 
12: 24 39 47 77 81 84 
13: 16 88 
14: 
15: 55 72 90 95 
16: 13 50 80 
17: 66 84 
18: 9 11 20 30 33 87 
19: 34 50 68 70 
20: 18 23 34 59 
21: 8 25 41 68 71 74 
22: 31 43 64 74 82 83 96 
23: 7 20 25 26 79 99 
24: 12 30 45 87 
25: 21 23 33 40 55 94 
26: 2 8 23 26 26 32 73 
27: 44 
28: 50 60 73 88 
29: 33 57 86 
30: 11 18 24 70 72 84 
31: 1 22 50 51 65 69 
32: 26 46 49 62 
33: 18 25 29 46 71 
34: 1 10 19 20 45 76 82 82 89 90 
35: 7 82 
36: 62 75 98 
37: 4 49 84 87 
38: 52 78 86 
39: 3 12 
40: 25 73 
41: 21 44 70 85 99 
42: 43 59 
43: 22 42 49 59 65 74 92 97 
44: 4 5 27 41 77 
45: 8 24 34 50 76 93 
46: 32 33 59 90 
47: 12 83 
48: 9 66 
49: 32 37 43 56 83 
50: 16 19 28 31 45 55 90 
51: 31 73 
52: 38 64 73 
53: 3 62 
54: 89 94 
55: 10 15 25 50 
56: 49 84 86 99 
57: 4 29 61 68 
58: 92 
59: 20 42 43 46 
60: 2 28 81 96 
61: 8 57 62 
62: 32 36 53 61 65 71 92 
63: 9 84 94 
64: 22 52 73 83 88 89 93 99 
65: 31 43 62 72 77 88 89 100 
66: 5 9 17 48 80 
67: 72 76 99 
68: 19 21 57 72 
69: 4 31 83 84 94 
70: 19 30 41 
71: 21 33 62 83 
72: 15 30 65 67 68 76 
73: 26 28 40 51 52 64 90 
74: 21 22 43 92 
75: 36 91 
76: 34 45 67 72 80 82 88 
77: 5 7 12 44 65 86 
78: 38 93 
79: 23 
80: 16 66 76 80 90 
81: 12 60 89 90 90 97 98 
82: 1 22 34 34 35 76 85 100 
83: 22 47 49 64 69 71 92 
84: 3 12 17 30 37 56 63 69 93 
85: 5 41 82 89 97 
86: 3 29 38 56 77 96 
87: 6 18 24 37 
88: 3 13 28 64 65 76 
89: 34 54 64 65 81 85 
90: 8 15 34 46 50 73 80 81 81 97 
91: 75 98 
92: 43 58 62 74 83 
93: 45 64 78 84 
94: 25 54 63 69 98 
95: 15 
96: 3 22 60 86 98 
97: 43 81 85 90 98 
98: 11 36 81 91 94 96 97 
99: 10 23 41 56 64 67 
100: 65 82 
